%YAML:1.0
---
cameraMatrix: !!opencv-matrix
    rows: 3
    cols: 3
    dt: d
    data: [ 3.5164588663368261e+02, 0., 6.5638274656107683e+02, 0.,
            3.5533515736278736e+02, 3.7974270798923482e+02, 0., 0., 1. ]
distCoeffs: !!opencv-matrix
    rows: 1
    cols: 5
    dt: d
    data: [ -1.6463707983869852e-01, 2.2875408672649502e-02,
            -9.6955256082717858e-04, 1.0694060920077484e-03,
            -1.2171003225643574e-03 ]
R: !!opencv-matrix
    rows: 22
    cols: 1
    dt: "3d"
    data: [ -3.5112881878343888e-01, 1.2337794208236542e-01,
            2.8831941690783789e+00, -2.9861260076882934e-01,
            -2.1428179547412859e-01, -2.8047281765110301e+00,
            -2.7950338843549022e-01, -1.0622596079147729e-01,
            -2.9150970185720366e+00, -1.4291496078434385e-01,
            1.8099825251588611e-01, -2.9585806077630505e+00,
            -4.5473902423563950e-01, 1.0019184091785459e-01,
            -2.9716155893412250e+00, -1.5118147246312683e-01,
            -3.1874877476198149e-01, -3.1130343945393850e+00,
            2.0580644690739411e-01, -2.4555693683403026e-01,
            -3.1123212718220774e+00, 2.4360297656456981e-01,
            4.2360036153611676e-02, -3.1802833755039166e+00,
            -9.4001359116353245e-01, 9.5102170958183496e-01,
            -2.3684657950109229e+00, -7.5577209722794014e-01,
            2.1452479889205267e-01, -2.8870508721063661e+00,
            2.7583801553315707e-01, -9.9684947271702495e-01,
            2.8555052312038538e+00, 4.4207417647482522e-01,
            -9.7885386786156703e-01, 2.9097242153497240e+00,
            -2.0238618630395033e-01, -1.9207076710817403e-01,
            -2.8923632745446848e+00, -2.9094540551220405e-01,
            1.8733994406664570e-02, 2.9789855206131639e+00,
            4.4207417647482589e-01, -9.7885386786156592e-01,
            2.9097242153497249e+00, -9.0867940500757571e-01,
            3.0504446820557352e-01, -2.3034094925647950e+00,
            -2.8380484520063864e-01, 5.1086827907604315e-01,
            -2.7732217261503660e+00, -1.4291496078434396e-01,
            1.8099825251588597e-01, -2.9585806077630501e+00,
            -4.5473902423563911e-01, 1.0019184091785385e-01,
            -2.9716155893412250e+00, -1.5118147246312671e-01,
            -3.1874877476198116e-01, -3.1130343945393855e+00,
            2.0580644690739408e-01, -2.4555693683402982e-01,
            -3.1123212718220774e+00, 2.4360297656457033e-01,
            4.2360036153611176e-02, -3.1802833755039166e+00 ]
T: !!opencv-matrix
    rows: 22
    cols: 1
    dt: "3d"
    data: [ -2.4294464675769731e+00, -8.9768502180402010e-01,
            8.8076848353405541e+00, 6.2801941541540032e+00,
            -1.0193270191903915e-01, 8.0539452092952715e+00,
            6.4859509497543462e+00, 3.1100439973370131e-01,
            7.9720351140228383e+00, 6.6704931070050471e+00,
            2.2002251894336311e+00, 8.3419845315317183e+00,
            7.9189210076391561e+00, 2.8508429334739582e+00,
            6.4804379715461202e+00, 8.2425337171460953e+00,
            9.1399422972143607e-01, 6.5116912497447688e+00,
            2.2315883661106652e+00, 8.9997365439840593e-01,
            7.2518200093632199e+00, 2.1798647229068449e+00,
            2.2358776086311072e-01, 8.7633821082463079e+00,
            8.5860132316862998e+00, 2.2896050132971477e+00,
            1.5921610836636249e+01, 1.2490997416990263e+01,
            1.9602392308888780e-01, 9.0221905464553735e+00,
            8.4327141006896582e+00, -1.7936556638345225e+00,
            1.0320917540723539e+01, 1.1053719510607413e+01,
            -9.9385954279356037e-01, 1.0057895829576092e+01,
            7.9450848765751774e+00, 1.5710823848441209e+00,
            7.5997637211846092e+00, 1.7857392060161215e+00,
            1.0275350630733616e-01, 9.9140456097631056e+00,
            1.1053719510607413e+01, -9.9385954279355859e-01,
            1.0057895829576090e+01, 1.3147934430018401e+01,
            2.9038824966560290e+00, 8.4920587056762731e+00,
            7.4821005870454576e+00, 2.2936135444640966e+00,
            1.1204426925365466e+01, 6.6704931070050471e+00,
            2.2002251894336315e+00, 8.3419845315317183e+00,
            7.9189210076391561e+00, 2.8508429334739582e+00,
            6.4804379715461193e+00, 8.2425337171460971e+00,
            9.1399422972143562e-01, 6.5116912497447705e+00,
            2.2315883661106648e+00, 8.9997365439840593e-01,
            7.2518200093632208e+00, 2.1798647229068453e+00,
            2.2358776086311005e-01, 8.7633821082463079e+00 ]
