%YAML:1.0
---
Birdview: !!opencv-matrix
   rows: 3
   cols: 3
   dt: f
   data: [ 1.98337007e+00, 2.05838919e+00, -6.64738159e+02,
       -6.21203035e-02, 3.67770958e+00, -5.38360352e+02, -1.74720713e-04,
       3.34513630e-03, 1. ]
